FL
 81500  30666
 80500  28500
 80166  27000
 80166  26000
 80416  25166
 81166  25166
 81750  26000
 82916  27833
 82833  29000
 84000  30166
 85166  29666
 86000  30333
 87500  30416
 87500  31000
 85000  31000
 84833  30666
 82250  30500
 82216  30300
 82050  30300
 81950  30716
 81500  30666
-1 -1
AL
 85000  31000
 85000  32500
 85666  35000
 88166  35000
 88333  30333
 87500  30416
 87500  31000
 85000  31000
-1 -1
WA
122750  49000
117000  49000
117000  46333
116866  46000
119000  46000
122666  45500
122916  46166
123916  46250
124166  47000
124666  48333
122833  48166
122666  47416
122583  47333
122416  47333
122750  49000
-1 -1
ID
117000  49000
116000  49000
116000  48000
114500  46500
114500  45500
114000  45750
113000  44500
111333  44750
111083  44500
111083  42000
114083  42000
117000  42000
117000  44000
117250  44333
116500  45666
116866  46000
117000  46333
117000  49000
-1 -1
MT
110000  49000
114050  49000
116000  49000
116000  48000
114500  46500
114500  45500
114000  45750
113000  44500
111333  44750
111083  44500
111083  45000
104000  45000
104000  45916
104000  45916
104000  49000
110000  49000
-1 -1
ND
104000  49000
101366  49000
 97250  49000
 96583  45916
104000  45916
104000  49000
-1 -1
MN
 97250  49000
 95166  49000
 95166  49333
 94833  49333
 94833  48750
 89666  48000
 92333  46666
 92333  46000
 92833  45666
 92833  44666
 91250  43833
 91250  43500
 96500  43500
 96500  45333
 96833  45666
 96583  45916
 97250  49000
-1 -1
LKS
 90416  46500
 90916  46666
 90833  47000
 92333  46666
 89666  48000
 89666  48000
 88250  49000
 86416  48750
 86000  48000
 84833  47916
 85000  47666
 84666  47333
 84800  47000
 84333  46333
 85000  46666
 87000  46500
 87666  46833
 88500  46833
 87833  47416
 90416  46500
-1 -1
WI
 92333  46666
 90833  47000
 90916  46666
 90416  46500
 88166  45833
 87666  45166
 88000  44500
 87000  45333
 88000  43000
 87833  42500
 90666  42500
 91250  43500
 91250  43833
 92833  44666
 92833  45666
 92333  46000
 92333  46666
-1 -1
MI
 90416  46500
 87833  47416
 88500  46833
 87666  46833
 87000  46500
 85000  46666
 84333  46333
 84000  46333
 84000  46083
 83583  46166
 83500  46000
 83583  45916
 84833  45833
 85500  46133
 87000  45833
 87666  45166
 88166  45833
 90416  46500
-1 -1
MI
 86833  41750
 86250  42500
 86500  44000
 86000  45000
 84833  45750
 83333  45333
 83250  44333
 84000  43666
 82750  44166
 82416  43000
 82500  42500
 83083  42083
 83583  41750
 84750  41750
 86833  41750
-1 -1
LKH
 83583  45916
 81750  45583
 81666  46000
 80750  45916
 79750  44750
 80000  44500
 81500  45233
 81500  44666
 81750  44000
 81750  43333
 82416  43000
 82750  44166
 84000  43666
 83250  44333
 83333  45333
 84833  45750
 83583  45916
-1 -1
LKM
 84833  45833
 85500  46133
 87000  45833
 87666  45166
 88000  44500
 87000  45333
 88000  43000
 87833  42500
 87666  41750
 86833  41750
 86250  42500
 86500  44000
 86000  45000
 84833  45750
-1 -1
IL
 90666  42500
 90166  41750
 90500  41583
 91000  41416
 91333  40416
 91500  40000
 90250  38666
 90333  38250
 89166  37000
 88500  37000
 88000  37666
 87500  38666
 87666  41750
 87833  42500
 90666  42500
-1 -1
IN
 87666  41750
 87500  38666
 88000  37666
 86000  38000
 84750  39166
 84750  41750
 86833  41750
 87666  41750
-1 -1
LKE
 79750  42333
 80500  42000
 81666  41500
 83583  41750
 83083  42083
 82500  42000
 81333  42666
 80500  42500
 80000  42750
 78833  42833
 79750  42333
-1 -1
OH
 80500  42000
 81666  41500
 83583  41750
 84750  41750
 84750  39166
 83000  38666
 82666  38333
 81000  39500
 80666  40666
 80500  40666
 80500  42000
-1 -1
PA
 75750  39666
 79500  39666
 80500  39666
 80500  40666
 80500  42000
 79750  42333
 79750  42000
 75333  42000
 75000  41583
 74666  41416
 75166  40666
 74750  40250
 75333  39833
 75750  39666
-1 -1
NY
 79750  42333
 78833  42833
 79000  43333
 77000  43250
 76250  43500
 76416  44250
 75000  45000
 74666  45000
 73333  45000
 73416  43666
 73250  43666
 73250  42666
 73500  42000
 73666  41083
 73833  40833
 72666  41000
 72166  41166
 71866  41000
 73500  40666
 74000  40666
 74000  41000
 74666  41416
 75000  41583
 75333  42000
 79750  42000
 79750  42333
-1 -1
LKO
 76416  44250
 76250  43500
 77000  43250
 79000  43333
 79916  43333
 79000  43833
 77000  44000
 76416  44250
-1 -1
VT
 73333  45000
 71500  45000
 72000  44333
 72500  42666
 73250  42666
 73250  43666
 73416  43666
 73333  45000
-1 -1
NH
 71500  45000
 71083  45250
 71000  43333
 70750  43083
 70833  42833
 71333  42666
 72500  42666
 72000  44333
 71500  45000
-1 -1
ME
 71083  45250
 69000  47500
 69033  47283
 67750  47000
 67750  45666
 67000  45000
 70333  43666
 70750  43083
 71000  43333
 71083  45250
-1 -1
MA
 70833  42833
 70583  42583
 71000  42333
 70750  42250
 70500  41750
 70000  41750
 70250  42083
 70083  42083
 69916  41916
 69916  41583
 70500  41500
 71083  41500
 71333  42000
 71833  42000
 73500  42000
 73250  42666
 72500  42666
 71333  42666
 70833  42833
-1 -1
RI
 71833  42000
 71333  42000
 71083  41500
 71750  41333
 71833  42000
-1 -1
CT
 71750  41333
 72833  41333
 73666  41083
 73500  42000
 71833  42000
 71750  41333
-1 -1
NJ
 74666  41416
 75166  40666
 74750  40250
 75333  39833
 75750  39666
 75500  39666
 75000  39000
 74000  40666
 74000  41000
 74666  41416
-1 -1
DE
 75000  38333
 75083  38750
 75500  39666
 75750  39666
 75666  38333
 75000  38333
-1 -1
MD
 75750  39666
 75666  38333
 75000  38333
 75333  38000
 75666  38000
 76500  39500
 76666  39000
 76333  38000
 77333  38333
 77000  38833
 77750  39333
 78166  39583
 78833  39500
 79500  39333
 79500  39666
 75750  39666
-1 -1
VA
 75666  38000
 75333  38000
 75333  38000
 76000  37166
 75666  38000
-1 -1
VA
 76333  38000
 76333  36916
 76000  36916
 75916  36666
 81666  36666
 83700  36666
 82000  37500
 81500  37250
 80250  37500
 79666  38666
 79333  38500
 78333  39500
 77833  39166
 77750  39333
 77000  38833
 77333  38333
 76333  38000
-1 -1
NC
 78583  33833
 79666  34750
 80833  34750
 81000  35250
 82500  35250
 83166  35000
 84333  35000
 84333  35250
 82000  36250
 81666  36666
 75916  36666
 75666  35666
 76333  35000
 78000  33916
 78583  33833
-1 -1
SC
 78583  33833
 79333  33000
 81000  32000
 83333  34750
 83166  35000
 82500  35250
 81000  35250
 80833  34750
 79666  34750
 78583  33833
-1 -1
GA
 85666  35000
 85000  32500
 85000  31000
 84833  30666
 82250  30500
 82216  30300
 82050  30300
 81950  30716
 81500  30666
 81416  31000
 81000  32000
 83333  34750
 83166  35000
 84333  35000
 85666  35000
-1 -1
MS
 89500  30166
 88333  30333
 88166  35000
 90250  35000
 91000  34000
 91250  33000
 91250  32000
 91666  31000
 89750  31000
 89500  30166
-1 -1
LA
 91250  33000
 91250  32000
 91666  31000
 89750  31000
 89500  30166
 89000  29000
 90666  29000
 93833  29750
 93416  31000
 94000  32000
 94000  33000
 91250  33000
-1 -1
TX
 93833  29750
 93416  31000
 94000  32000
 94000  33000
 94000  33666
 94500  33666
 95250  33916
 96500  33750
 98000  33833
100000  34583
100000  36500
103000  36500
103166  32000
106666  32000
106500  31750
105000  30666
104500  29583
103250  29000
102333  29833
101000  29416
 99666  27666
 99166  26333
 98333  26000
 97166  26000
 97416  27000
 97000  28000
 93833  29750
-1 -1
NM
106500  31750
108250  31750
108250  31333
109166  31333
109166  37000
103000  37000
103000  36500
103166  32000
106666  32000
106500  31750
-1 -1
AZ
109166  31333
111333  31333
114833  32500
114750  32750
114500  32750
114500  33000
114666  33083
114333  34166
114083  34333
114666  35000
114750  36166
114083  36000
114083  37000
109166  37000
109166  31333
-1 -1
CA
114750  32750
117166  32500
117333  33250
119500  34416
120666  34416
120666  35250
121916  36500
121750  36833
122333  37000
122500  37750
123750  38833
123866  39750
124333  40250
124083  41500
124250  42000
120000  42000
120000  39000
114666  35000
114083  34333
114333  34166
114666  33083
114500  33000
114500  32750
-1 -1
OR
123916  46250
122916  46166
122666  45500
119000  46000
116866  46000
116500  45666
117250  44333
117000  44000
117000  42000
120000  42000
124250  42000
124333  42750
123916  46250
-1 -1
NV
114083  42000
117000  42000
120000  42000
120000  39000
114666  35000
114750  36166
114083  36000
114083  37000
114083  42000
-1 -1
UT
114083  42000
111083  42000
111083  41000
109166  41000
109166  37000
114083  37000
114083  42000
-1 -1
WY
111083  42000
111083  44500
111083  45000
104000  45000
104033  43000
104066  41000
109166  41000
111083  41000
111083  42000
-1 -1
CO
102000  37000
103000  37000
109166  37000
109166  41000
104066  41000
102000  41000
102000  40000
102000  37000
-1 -1
OK
103000  36500
103000  37000
102000  37000
 94666  37000
 94666  36500
 94500  33666
 95250  33916
 96500  33750
 98000  33833
100000  34583
100000  36500
103000  36500
-1 -1
AR
 89666  36000
 90250  35000
 91000  34000
 91250  33000
 94000  33000
 94000  33000
 94000  33666
 94500  33666
 94666  36500
 90250  36500
 90416  36000
 89666  36000
-1 -1
SD
 96583  45916
104000  45916
104000  45000
104033  43000
 98500  43000
 98000  42750
 97000  42750
 96500  42500
 96666  43500
 96500  43500
 96500  45333
 96833  45666
 96583  45916
-1 -1
NE
102000  40000
102000  41000
104066  41000
104033  43000
 98500  43000
 98000  42750
 97000  42750
 96500  42500
 95750  40666
 95333  40000
102000  40000
-1 -1
IA
 91333  40416
 91666  40666
 95750  40666
 96500  42500
 96666  43500
 96500  43500
 91250  43500
 90666  42500
 90166  41750
 90500  41583
 91000  41416
 91333  40416
-1 -1
MO
 95750  40666
 91667  40666
 91333  40416
 91500  40000
 90250  38666
 90333  38250
 89166  37000
 89333  36500
 89666  36000
 90416  36000
 90250  36500
 94666  36500
 94666  37000
 94666  39166
 95333  40000
 95750  40666
-1 -1
KY
 83700  36666
 82000  37500
 82666  38333
 83000  38666
 84750  39166
 86000  38000
 88000  37666
 88500  37000
 89166  37000
 89333  36500
 88000  36500
 88083  36666
 83700  36666
-1 -1
TN
 89333  36500
 89666  36000
 90250  35000
 88166  35000
 85666  35000
 84333  35000
 84333  35250
 82000  36250
 81666  36666
 83700  36666
 88083  36666
 88000  36500
 89333  36500
-1 -1
WV
 82666  38333
 82000  37500
 81500  37250
 80250  37500
 79666  38666
 79333  38500
 78333  39500
 77833  39166
 77750  39333
 78166  39583
 78833  39500
 79500  39333
 79500  39666
 80500  39666
 80500  40666
 80666  40666
 81000  39500
 82666  38333
-1 -1
KS
102000  40000
102000  37000
 94666  37000
 94666  39166
 95333  40000
 95333  40000
102000  40000
-1 -1
END
